2 20 20
0 0 0 0 0 0 0 0 0 0 0 0 0 0 0 0 0 0 0 0
0 4 1 1 1 0 0 0 0 1 0 0 0 0 0 0 1 1 5 0
0 1 2 3 1 0 0 0 0 1 0 0 0 0 0 0 1 3 2 0
0 1 0 1 1 1 1 0 0 -111 0 0 0 1 1 1 1 0 1 0
0 1 3 1 0 0 1 0 0 7 6 0 0 1 0 0 1 3 1 0
0 1 1 1 0 0 1 0 0 1 1 0 0 1 0 0 1 1 1 0
0 0 0 1 1 1 1 0 0 1 1 0 0 1 1 1 1 0 0 0
0 0 0 1 0 -200 1 0 0 1 1 1 0 0 -200 0 1 0 0 0
0 0 0 1 0 0 0 1 0 0 1 1 0 0 0 0 1 0 0 0
0 0 0 1 1 1 0 1 1 1 0 1 1 0 1 1 1 0 0 0
0 0 0 1 1 1 1 1 0 1 1 0 1 1 1 1 1 0 0 0
0 0 0 1 0 0 0 0 0 1 1 0 0 0 0 0 1 0 0 0
0 0 0 1 0 -400 0 0 0 1 0 0 0 0 -400 0 1 0 0 0
0 0 0 1 1 1 1 0 0 1 0 0 0 1 1 1 1 0 0 0
0 1 1 1 0 0 1 0 0 1 1 0 0 1 0 0 1 1 1 0
0 1 3 1 0 0 1 0 0 2 1 0 0 1 -123 0 1 3 1 0
0 1 0 1 1 1 1 0 0 0 1 1 1 1 1 1 1 0 1 0
0 1 2 3 1 -255 0 0 0 0 0 0 0 0 0 0 1 3 2 0
0 1 1 1 1 0 0 0 0 0 0 0 0 0 0 0 1 1 1 0
0 0 0 0 0 0 0 0 0 0 0 0 0 0 0 0 0 0 0 0

0 0 0 0 0 0 0 0 0 0 0 0 0 0 0 0 0 0 0 0
0 4 1 1 1 1 1 0 0 0 0 0 0 1 1 1 1 1 5 0
0 1 2 3 0 0 1 0 0 7 6 0 0 1 0 -266 3 2 1 0
0 1 0 1 1 0 1 0 0 1 1 0 0 1 0 1 1 0 1 0
0 1 0 0 1 0 -600 1 1 1 1 1 1 1 0 1 0 0 1 0
0 1 1 0 1 0 0 1 0 0 0 1 0 0 0 1 0 1 1 0
0 0 1 0 1 1 1 1 0 0 0 0 0 1 1 1 1 0 1 0
0 0 1 0 0 1 0 1 0 0 0 1 0 1 0 1 0 0 1 0
0 0 1 1 0 0 0 1 0 0 1 0 0 1 0 0 0 1 1 0
0 0 0 1 1 1 0 1 1 1 0 1 1 -200 0 1 1 1 0 0
0 0 0 0 -315 1 0 1 0 0 0 0 1 0 1 0 0 0 0 0
0 0 0 0 0 1 0 1 0 50 0 50 1 0 1 0 0 0 0 0
0 0 0 0 0 1 0 1 0 0 0 0 1 0 1 0 0 0 0 0
0 0 0 1 1 1 0 1 1 0 0 1 1 1 0 1 1 1 0 0
0 0 1 1 0 0 0 1 0 0 1 0 0 1 0 0 0 1 1 0
0 0 1 0 0 1 0 1 0 0 1 0 0 1 0 1 0 0 1 0
0 0 1 0 1 1 1 1 0 0 0 0 0 1 1 1 1 0 1 0
0 1 1 0 1 -58 0 0 0 1 1 0 0 0 0 1 0 1 1 0
0 1 0 0 1 0 1 1 1 0 1 0 1 1 0 1 0 0 1 0
0 1 2 3 0 0 1 0 0 2 1 0 0 1 0 -188 3 2 1 0
0 1 1 1 1 1 1 0 0 0 0 0 0 1 1 1 1 1 1 0
0 0 0 0 0 0 0 0 0 0 0 0 0 0 0 0 0 0 0 0